imageidx;x;y;z;gt_id
189;3.314142760297218;-1.1622681250085043;8.430639361584934;0
190;3.3298201421387845;-1.1534761244903236;7.612206723834848;0
191;3.349570550292563;-1.1477013728140324;6.782239329367048;0
192;3.3641738411343183;-1.1460977451252634;5.940393245952513;0
193;3.368887646134657;-1.1513380898237224;5.094132739292683;0
194;3.372713898298549;-1.1607514188593744;4.239523118495977;0
892;-8.382594679594453;-1.4211487653857533;15.8097691357052;1
893;-8.005977173124831;-1.399407916491917;15.413894322316574;1
894;-7.638043300397094;-1.4074367446199345;15.046999825914801;1
