imageidx;x;y;z;gt_id
189;3.314056401890703;-1.1549264660153278;8.428212501020116;0
190;3.3355384353525994;-1.1210191807241656;7.607242483666736;0
191;3.357887414169357;-1.130789564851658;6.785426220913978;0
192;3.3589351578075566;-1.1201138548695138;5.957020127320907;0
193;3.3684785421903425;-1.1267391269653226;5.0607007635505195;0
194;3.3641837603761413;-1.2680905460614345;4.2599992370333455;0
892;-8.361841245063575;-1.4470291237544837;15.825626186383838;1
893;-8.017567350711742;-1.3676279454450861;15.405827946162331;1
894;-7.647702881765863;-1.4133246838968665;15.039891431049941;1
